canvas 0 0 800 800
shape L2R1 ellipse 2
shape L2R2 ellipse 2
shape L1R1 rectangle 1
shape L1R2 rectangle 1
motion L1R2 1 100 300 150 50 0 0 200        1 100 300 150 50 0 0 200
motion L1R2 1 100 300 150 50 0 0 200        100 100 300 150 50 0 0 200
motion L1R1 1 80 424 100 326 0 0 0          1 80 424 100 326 0 0 0 0 0
motion L1R1 1 80 424 100 326 0 0 0          200 100 600 100 326 0 0 0 0 180

motion L2R2 1 100 300 50 20 0 200 200        1 100 300 50 20 0 200 200
motion L2R2 1 100 300 50 20 0 200 200        100 100 300 50 20 0 200 200
motion L2R1 1 80 424 100 326 0 200 0          1 80 424 100 326 0 200 0 0 0
motion L2R1 1 80 424 100 326 0 200 0          200 80 424 100 326 0 200 0 0 180
